1778022521400 0.0 0
1778022530006 0.0 1
1778022534237 0.0 2
1778022538484 0.0 3
1778022547139 0.0 4
1778022552064 0.0 5
1778022560844 0.0 6
1778022569788 0.0 7
1778022574419 0.0 8
1778022583215 0.0 9
1778022591788 0.0 10
1778022596066 0.0 11
1778022608690 0.0 11
1778022608792 0.0 11
1778022608918 1.0 12
1778022617464 1.0 13
1778022626071 1.0 14
1778022626180 1.0 15
1778022634827 1.0 16
1778022639228 1.0 17
1778022648066 1.0 18
1778022656635 1.0 19
1778022665448 1.0 20
1778022674095 1.0 21
1778022682868 1.0 22
1778022692204 1.0 23
1778022705539 1.0 23
1778022705671 1.0 23
1778022710064 2.0 24
1778022718871 2.0 25
1778022728251 2.0 26
1778022732787 2.0 27
1778022737171 2.0 28
1778022745891 2.0 29
1778022754778 2.0 30
1778022763501 2.0 31
1778022767834 2.0 32
1778022776520 2.0 33
1778022785199 2.0 34
1778022789522 2.0 35
1778022802449 2.0 35
1778022802453 2.0 35
1778022806834 3.0 36
1778022815549 3.0 37
1778022815681 3.0 38
1778022820003 3.0 39
1778022828764 3.0 40
1778022837309 3.0 41
1778022845943 3.0 42
1778022854834 3.0 43
1778022863547 3.0 44
1778022868173 3.0 45
1778022877016 3.0 46
1778022886087 3.0 47
1778022899209 3.0 47
1778022899292 3.0 47
1778022903722 4.0 48
1778022912424 4.0 49
1778022921406 4.0 50
1778022925912 4.0 51
1778022930491 4.0 52
1778022939348 4.0 53
1778022947964 4.0 54
1778022956561 4.0 55
1778022965239 4.0 56
1778022973808 4.0 57
1778022978180 4.0 58
1778022982729 4.0 59
1778022998418 4.0 59
1778022998423 4.0 59
