1778022521400 0.09021871536970139 0
1778022530006 0.09720885753631592 1
1778022534237 0.04307692125439644 2
1778022538484 0.058709051460027695 3
1778022547139 0.08407224714756012 4
1778022552064 0.043170321732759476 5
1778022560844 0.12436547875404358 6
1778022569788 0.08803419023752213 7
1778022574419 0.04466608911752701 8
1778022583215 0.0949646607041359 9
1778022591788 0.08805841952562332 10
1778022596066 0.03411513939499855 11
1778022608918 0.00851516891270876 12
1778022617464 0.0768849179148674 13
1778022626071 0.08615738153457642 14
1778022626180 0.016108248382806778 15
1778022634827 0.0835443064570427 16
1778022639228 0.0540880486369133 17
1778022648066 0.08288610726594925 18
1778022656635 0.13436532020568848 19
1778022665448 0.092790387570858 20
1778022674095 0.12905405461788177 21
1778022682868 0.08893154561519623 22
1778022692204 0.09656301140785217 23
1778022710064 0.05618830770254135 24
1778022718871 0.10393013060092926 25
1778022728251 0.11946050077676773 26
1778022732787 0.17425431311130524 27
1778022737171 0.08760330826044083 28
1778022745891 0.10196445137262344 29
1778022754778 0.10314685106277466 30
1778022763501 0.06853281706571579 31
1778022767834 0.014742015860974789 32
1778022776520 0.09674027562141418 33
1778022785199 0.14136731624603271 34
1778022789522 0.025414366275072098 35
1778022806834 0.06775407493114471 36
1778022815549 0.10665258765220642 37
1778022815681 2.3255812831024514e-09 38
1778022820003 0.057915057986974716 39
1778022828764 0.05828571319580078 40
1778022837309 0.08559046685695648 41
1778022845943 0.0918484479188919 42
1778022854834 0.08540540188550949 43
1778022863547 0.05079006776213646 44
1778022868173 0.1467304676771164 45
1778022877016 0.0878293588757515 46
1778022886087 0.1433260440826416 47
1778022903722 0.07476635277271271 48
1778022912424 0.1404358297586441 49
1778022921406 0.07082833349704742 50
1778022925912 0.0972447320818901 51
1778022930491 0.17744609713554382 52
1778022939348 0.12911084294319153 53
1778022947964 0.1589805781841278 54
1778022956561 0.14771394431591034 55
1778022965239 0.21599045395851135 56
1778022973808 0.14530892670154572 57
1778022978180 0.05670103058218956 58
1778022982729 0.13165681064128876 59
