1778022521400 2.323960052175167e-10 0
1778022530006 2.2925263076789548e-10 1
1778022534237 0.004721435718238354 2
1778022538484 0.004907689057290554 3
1778022547139 2.4679169818853097e-10 4
1778022552064 0.0022058826871216297 5
1778022560844 2.529724207889217e-10 6
1778022569788 2.594033599034873e-10 7
1778022574419 0.004082744009792805 8
1778022583215 2.955956313055452e-10 9
1778022591788 2.681684041494492e-10 10
1778022596066 0.006481482181698084 11
1778022608918 0.010103845037519932 12
1778022617464 3.002101345295216e-10 13
1778022626071 3.0358227043336683e-10 14
1778022626180 0.00563304778188467 15
1778022634827 3.0293850761253793e-10 16
1778022639228 0.0057736728340387344 17
1778022648066 2.783964447861109e-10 18
1778022656635 3.1084862461838725e-10 19
1778022665448 2.8960323028570656e-10 20
1778022674095 3.021148053949929e-10 21
1778022682868 3.0581040477706267e-10 22
1778022692204 3.067484599661441e-10 23
1778022710064 0.0025921661872416735 24
1778022718871 3.122073155559235e-10 25
1778022728251 3.467406362034353e-10 26
1778022732787 0.006412214133888483 27
1778022737171 0.0068563600070774555 28
1778022745891 3.166561179934746e-10 29
1778022754778 3.7750094716848537e-10 30
1778022763501 3.1328320493351214e-10 31
1778022767834 0.0031501578632742167 32
1778022776520 3.705075968252203e-10 33
1778022785199 3.743916010545689e-10 34
1778022789522 0.0044726054184138775 35
1778022806834 0.009086975827813148 36
1778022815549 4.038772094538956e-10 37
1778022815681 0.01242750696837902 38
1778022820003 0.0012190170818939805 39
1778022828764 4.1631972869105027e-10 40
1778022837309 5.060728502925826e-10 41
1778022845943 4.3440487318413545e-10 42
1778022854834 4.859086466524332e-10 43
1778022863547 5.030181271514778e-10 44
1778022868173 0.0037505864165723324 45
1778022877016 5.373455014279216e-10 46
1778022886087 5.060728502925826e-10 47
1778022903722 5.370568989526703e-10 48
1778022912424 5.293806504269583e-10 49
1778022921406 5.146680304157769e-10 50
1778022925912 0.009222662076354027 51
1778022930491 0.007272727787494659 52
1778022939348 5.396654234601783e-10 53
1778022947964 5.767012423163465e-10 54
1778022956561 5.558643545455766e-10 55
1778022965239 6.257822038335803e-10 56
1778022973808 5.830903537784593e-10 57
1778022978180 6.321112522300609e-10 58
1778022982729 0.0064973426051437855 59
