1778022521400 7.776049804064655e-10 0
1778022530006 8.984725741179034e-10 1
1778022534237 0.01322001963853836 2
1778022538484 0.01480111200362444 3
1778022547139 1.0989010812423317e-09 4
1778022552064 0.002162163145840168 5
1778022560844 1.053740761314259e-09 6
1778022569788 1.7271156727005632e-09 7
1778022574419 1.2610340549557009e-09 8
1778022583215 2.34192043535586e-09 9
1778022591788 1.5128592822932774e-09 10
1778022596066 1.3717421643022476e-09 11
1778022608918 1.8018018188570295e-09 12
1778022617464 2.487562156261447e-09 13
1778022626071 2.915451879914599e-09 14
1778022626180 0.005395685322582722 15
1778022634827 5.6818181271012236e-09 16
1778022639228 2.5252524515906316e-09 17
1778022648066 1.7482517655764696e-09 18
1778022656635 2.4213075988654964e-09 19
1778022665448 2.4752475624723047e-09 20
1778022674095 2.3696682394103163e-09 21
1778022682868 2.427184453424047e-09 22
1778022692204 3.906249990137667e-09 23
1778022710064 1.872659138868471e-09 24
1778022718871 4.587155988389213e-09 25
1778022728251 2.4691357847217432e-09 26
1778022732787 3.496503531152939e-09 27
1778022737171 3.921568403342235e-09 28
1778022745891 3.4843206098145174e-09 29
1778022754778 3.401360526567032e-09 30
1778022763501 3.0864197864133303e-09 31
1778022767834 4.464285829897108e-09 32
1778022776520 3.367003342802377e-09 33
1778022785199 4.6948356313691875e-09 34
1778022789522 3.5714284862820023e-09 35
1778022806834 4.7169810279967805e-09 36
1778022815549 7.518797140448896e-09 37
1778022815681 4.291845545623119e-09 38
1778022820003 5.952380810470004e-09 39
1778022828764 3.984063745576805e-09 40
1778022837309 7.092198384128778e-09 41
1778022845943 1.0638298242326982e-08 42
1778022854834 7.692307235629414e-09 43
1778022863547 1.1494252660781967e-08 44
1778022868173 9.009008650195938e-09 45
1778022877016 1.666666626931601e-08 46
1778022886087 1.0752688517357e-08 47
1778022903722 2.5641025303002607e-08 48
1778022912424 1.3888889149882289e-08 49
1778022921406 2.7777778299764577e-08 50
1778022925912 9.009008650195938e-09 51
1778022930491 8.849557531220853e-09 52
1778022939348 1.8518518274390772e-08 53
1778022947964 7.6335879839462e-09 54
1778022956561 8.620689939675685e-09 55
1778022965239 9.174311976778426e-09 56
1778022973808 1.086956480378376e-08 57
1778022978180 4.504504325097969e-09 58
1778022982729 6.896551774104864e-09 59
