1778022521400 0.7828807830810547 0
1778022530006 0.7661194205284119 1
1778022534237 1.467292070388794 2
1778022538484 1.4519081115722656 3
1778022547139 0.7765933275222778 4
1778022552064 1.4522360563278198 5
1778022560844 0.7535775899887085 6
1778022569788 0.7802404761314392 7
1778022574419 1.523019790649414 8
1778022583215 0.7599858045578003 9
1778022591788 0.7553620934486389 10
1778022596066 1.5637774467468262 11
1778022608918 1.9922453165054321 12
1778022617464 0.7495753169059753 13
1778022626071 0.7680243849754333 14
1778022626180 2.035735607147217 15
1778022634827 0.7544461488723755 16
1778022639228 1.3918027877807617 17
1778022648066 0.7372933626174927 18
1778022656635 0.7361944317817688 19
1778022665448 0.7412925958633423 20
1778022674095 0.7488294839859009 21
1778022682868 0.7384448051452637 22
1778022692204 0.7212672233581543 23
1778022710064 1.4056185483932495 24
1778022718871 0.7299010753631592 25
1778022728251 0.7236417531967163 26
1778022732787 1.3530008792877197 27
1778022737171 1.3299022912979126 28
1778022745891 0.7276161909103394 29
1778022754778 0.7246401309967041 30
1778022763501 0.7262949347496033 31
1778022767834 1.496490240097046 32
1778022776520 0.7036148309707642 33
1778022785199 0.7028697729110718 34
1778022789522 1.41007661819458 35
1778022806834 1.3312774896621704 36
1778022815549 0.7042886018753052 37
1778022815681 2.057354211807251 38
1778022820003 1.410735011100769 39
1778022828764 0.7130273580551147 40
1778022837309 0.7062308192253113 41
1778022845943 0.6981122493743896 42
1778022854834 0.6920022964477539 43
1778022863547 0.7063775062561035 44
1778022868173 1.2943998575210571 45
1778022877016 0.7011945247650146 46
1778022886087 0.6733468770980835 47
1778022903722 1.2945140600204468 48
1778022912424 0.6850954294204712 49
1778022921406 0.6914238929748535 50
1778022925912 1.2836641073226929 51
1778022930491 1.293563961982727 52
1778022939348 0.6855103969573975 53
1778022947964 0.6702008247375488 54
1778022956561 0.664628267288208 55
1778022965239 0.6506203413009644 56
1778022973808 0.6939405202865601 57
1778022978180 1.350895643234253 58
1778022982729 1.3310165405273438 59
